Level	AC	AC(N)	AC(H)	L-AC	L-AC(N)	L-AC(H)	TH	TH(N)	TH(H)	L-TH	L-TH(N)	L-TH(H)	HP	HP(N)	HP(H)	L-HP	L-HP(N)	L-HP(H)	DM	DM(N)	DM(H)	L-DM	L-DM(N)	L-DM(H)	XP	XP(N)	XP(H)	L-XP	L-XP(N)	L-XP(H)
0	1	1	1	1	1	1	1	1	1	1	1	1	1	1	1	1	1	1	1	1	1	1	1	1	1	1	1	1	1	1
1	7	119	191	7	140	224	10	140	280	10	140	280	10	321	2490	21	321	3321	4	6	8	4	6	8	30	78	117	30	78	117
2	15	132	210	15	156	247	15	163	330	15	163	330	11	339	2556	27	339	3408	6	8	12	6	8	12	40	104	156	40	104	156
3	23	145	230	23	171	270	23	187	379	23	187	379	14	360	2625	36	360	3501	6	8	12	6	8	12	50	131	197	50	131	197
4	31	158	249	31	187	293	33	210	429	33	210	429	18	375	2691	45	375	3588	8	10	14	8	10	14	60	156	234	60	156	234
5	39	172	269	39	202	315	45	234	478	45	234	478	20	396	2760	51	396	3681	8	10	14	8	10	14	70	182	273	70	182	273
6	46	185	288	46	218	339	58	257	527	58	257	527	24	417	2826	60	417	3768	10	14	18	10	14	18	80	207	311	80	207	311
7	54	198	306	54	234	361	72	280	577	72	280	577	28	435	2895	69	435	3861	10	14	18	10	14	18	90	234	351	90	234	351
8	62	211	327	62	249	384	87	304	626	87	304	626	32	456	2961	81	456	3948	12	16	22	12	16	22	100	260	390	100	260	390
9	70	224	347	70	265	408	101	327	676	101	327	676	71	439	2828	86	439	3771	13	17	24	13	17	24	110	285	428	110	285	428
10	78	239	365	78	280	430	115	351	725	115	351	725	81	459	2889	98	459	3852	13	17	24	13	17	24	120	312	468	120	312	468
11	85	252	386	85	296	453	130	374	774	130	374	774	83	478	2954	100	478	3939	15	20	28	15	20	28	130	338	507	130	338	507
12	93	265	404	93	312	475	144	397	824	144	397	824	93	495	3015	112	495	4020	15	20	28	15	20	28	140	363	545	140	363	545
13	101	278	423	101	327	499	158	421	873	158	421	873	102	515	3080	123	515	4107	17	22	32	17	22	32	154	401	602	154	401	602
14	109	291	444	109	343	522	172	444	923	172	444	923	111	529	3141	134	529	4188	19	24	36	19	24	36	169	440	660	169	440	660
15	117	305	462	117	358	544	187	468	972	187	468	972	120	548	3206	145	548	4275	19	24	36	19	24	36	186	482	723	186	482	723
16	124	318	482	124	374	568	201	491	1021	201	491	1021	130	568	3267	156	568	4356	20	28	38	20	28	38	205	533	800	205	533	800
17	132	331	501	132	390	590	215	514	1071	215	514	1071	140	585	3332	168	585	4443	20	28	38	20	28	38	225	584	876	225	584	876
18	140	344	521	140	405	613	230	538	1120	230	538	1120	149	604	3393	179	604	4524	22	30	41	22	30	41	248	644	966	248	644	966
19	148	357	542	148	421	637	244	561	1170	244	561	1170	146	574	3211	176	574	4282	23	30	43	23	30	43	273	708	1062	273	708	1062
20	156	371	560	156	436	659	258	585	1219	258	585	1219	157	592	3268	189	592	4357	23	30	43	23	30	43	300	779	1169	300	779	1169
21	163	384	579	163	452	682	273	608	1268	273	608	1268	168	613	3328	202	613	4438	25	34	46	25	34	46	330	857	1286	330	857	1286
22	171	397	599	171	468	704	287	631	1318	287	631	1318	181	631	3385	218	631	4513	25	34	46	25	34	46	363	942	1413	363	942	1413
23	179	410	618	179	483	728	301	655	1367	301	655	1367	192	644	3445	231	644	4594	27	36	50	27	36	50	399	1035	1553	399	1035	1553
24	187	423	638	187	499	751	315	678	1417	315	678	1417	203	663	3502	244	663	4669	28	37	54	28	37	54	439	1139	1709	439	1139	1709
25	195	438	657	195	514	773	330	702	1466	330	702	1466	216	678	3562	260	678	4750	28	37	54	28	37	54	470	1220	1830	470	1220	1830
26	202	451	677	202	530	796	344	725	1515	344	725	1515	229	696	3619	275	696	4825	30	41	55	30	41	55	503	1305	1958	503	1305	1958
27	210	464	696	210	546	819	358	748	1565	358	748	1565	244	715	3679	293	715	4906	30	41	55	30	41	55	538	1397	2096	538	1397	2096
28	218	477	716	218	561	842	373	772	1614	373	772	1614	260	728	3736	312	728	4981	32	43	59	32	43	59	576	1494	2241	576	1494	2241
29	226	490	735	226	577	865	387	795	1664	387	795	1664	251	688	3504	302	688	4672	32	42	59	32	42	59	616	1598	2397	616	1598	2397
30	234	504	755	234	592	887	401	819	1713	401	819	1713	267	768	3556	321	768	4742	32	42	59	32	42	59	659	1709	2564	659	1709	2564
31	241	517	774	241	608	911	416	842	1762	416	842	1762	283	852	3612	340	852	4816	34	45	62	34	45	62	706	1832	2748	706	1832	2748
32	249	530	793	249	624	933	430	865	1812	430	865	1812	300	931	3664	360	931	4886	34	45	62	34	45	62	755	1958	2937	755	1958	2937
33	257	543	813	257	639	956	444	889	1861	444	889	1861	315	1015	3720	379	1015	4960	35	47	66	35	47	66	808	2097	3146	808	2097	3146
34	265	556	833	265	655	980	458	912	1911	458	912	1911	331	1094	3772	398	1094	5030	37	49	69	37	49	69	864	2241	3362	864	2241	3362
35	273	570	851	273	670	1002	473	936	1960	473	936	1960	347	1178	3828	417	1178	5104	37	49	69	37	49	69	925	2399	3599	925	2399	3599
36	280	583	872	280	686	1025	487	959	2009	487	959	2009	363	1260	3880	436	1260	5174	39	52	73	39	52	73	990	2568	3852	990	2568	3852
37	288	596	890	288	702	1047	501	982	2059	501	982	2059	380	1341	3936	456	1341	5248	39	52	73	39	52	73	1059	2745	4118	1059	2745	4118
38	296	609	910	296	717	1071	516	1006	2108	516	1006	2108	395	1423	3988	475	1423	5318	40	54	74	40	54	74	1133	2939	4409	1133	2939	4409
39	304	622	930	304	733	1094	530	1029	2158	530	1029	2158	377	1379	3707	453	1379	4943	40	52	73	40	52	73	1212	3144	4716	1212	3144	4716
40	312	637	949	312	748	1116	544	1053	2207	544	1053	2207	394	1454	3755	473	1454	5007	40	52	73	40	52	73	1297	3365	5048	1297	3365	5048
41	319	650	968	319	764	1140	559	1076	2256	559	1076	2256	412	1531	3806	495	1531	5075	41	56	76	41	56	76	1388	3600	5400	1388	3600	5400
42	327	663	988	327	780	1162	573	1099	2306	573	1099	2306	428	1603	3854	514	1603	5139	41	56	76	41	56	76	1485	3852	5778	1485	3852	5778
43	335	676	1007	335	795	1185	587	1123	2355	587	1123	2355	445	1680	3905	534	1680	5207	43	57	80	43	57	80	1589	4121	6182	1589	4121	6182
44	343	689	1028	343	811	1209	601	1146	2405	601	1146	2405	463	1753	3953	556	1753	5271	44	59	83	44	59	83	1693	4409	6614	1693	4409	6614
45	351	703	1046	351	826	1231	616	1170	2454	616	1170	2454	480	1830	4004	576	1830	5339	44	59	83	44	59	83	1797	4718	7077	1797	4718	7077
46	358	716	1066	358	842	1254	630	1193	2503	630	1193	2503	496	1907	4052	596	1907	5403	46	62	86	46	62	86	1901	5051	7577	1901	5051	7577
47	366	729	1085	366	858	1276	644	1216	2553	644	1216	2553	515	1980	4103	618	1980	5471	46	62	86	46	62	86	2005	5402	8103	2005	5402	8103
48	374	742	1105	374	873	1300	659	1240	2602	659	1240	2602	531	2057	4151	638	2057	5535	48	64	89	48	64	89	2109	5783	8675	2109	5783	8675
49	382	755	1124	382	889	1323	673	1263	2652	673	1263	2652	498	1936	3820	598	1936	5094	46	61	85	46	61	85	2213	6186	9279	2213	6186	9279
50	390	769	1144	390	904	1345	687	1287	2701	687	1287	2701	516	2006	3864	620	2006	5152	46	61	85	46	61	85	2317	6618	9927	2317	6618	9927
51	397	782	1163	397	920	1368	702	1310	2750	702	1310	2750	535	2074	3910	642	2074	5214	48	64	88	48	64	88	2421	7080	10620	2421	7080	10620
52	405	795	1183	405	936	1391	716	1333	2800	716	1333	2800	551	2142	3954	662	2142	5272	48	64	88	48	64	88	2525	7506	11259	2525	7506	11259
53	413	808	1202	413	951	1414	730	1357	2849	730	1357	2849	570	2210	4000	684	2210	5334	49	66	91	49	66	91	2629	7956	11934	2629	7956	11934
54	421	821	1222	421	967	1437	744	1380	2899	744	1380	2899	586	2278	4060	704	2278	5414	51	67	94	51	67	94	2733	8435	12653	2733	8435	12653
55	429	835	1241	429	982	1459	759	1404	2948	759	1404	2948	605	2346	4150	726	2346	5534	51	67	94	51	67	94	2837	8942	13413	2837	8942	13413
56	436	848	1261	436	998	1483	773	1427	2997	773	1427	2997	623	2416	4270	748	2416	5694	52	70	97	52	70	97	2941	9477	14216	2941	9477	14216
57	444	861	1279	444	1014	1505	787	1450	3047	787	1450	3047	640	2482	4444	768	2482	5924	52	70	97	52	70	97	3045	10044	15066	3045	10044	15066
58	452	874	1300	452	1029	1528	802	1474	3096	802	1474	3096	658	2552	4616	790	2552	6154	54	72	100	54	72	100	3149	10647	15971	3149	10647	15971
59	460	887	1319	460	1045	1552	816	1497	3146	816	1497	3146	608	2356	4309	730	2356	5745	51	68	95	51	68	95	3253	11286	16929	3253	11286	16929
60	468	902	1337	468	1060	1574	830	1521	3195	830	1521	3195	626	2419	4464	752	2419	5952	51	68	95	51	68	95	3357	11964	17946	3357	11964	17946
61	475	915	1358	475	1076	1597	845	1544	3244	845	1544	3244	645	2482	4620	774	2482	6159	53	71	98	53	71	98	3461	12680	19020	3461	12680	19020
62	483	928	1376	483	1092	1619	859	1567	3294	859	1567	3294	662	2541	4775	795	2541	6366	53	71	98	53	71	98	3565	13442	20163	3565	13442	20163
63	491	941	1396	491	1107	1643	873	1591	3343	873	1591	3343	680	2604	4930	817	2604	6573	54	72	100	54	72	100	3669	14249	21374	3669	14249	21374
64	499	954	1417	499	1123	1666	887	1614	3393	887	1614	3393	698	2664	5085	838	2664	6780	54	72	100	54	72	100	3773	15104	22656	3773	15104	22656
65	507	968	1435	507	1138	1688	902	1638	3442	902	1638	3442	715	2727	5241	858	2727	6987	56	74	103	56	74	103	3877	16010	24015	3877	16010	24015
66	514	981	1454	514	1154	1712	916	1661	3491	916	1661	3491	733	2788	5396	880	2788	7194	57	77	106	57	77	106	3981	16916	25374	3981	16916	25374
67	522	994	1474	522	1170	1734	930	1684	3541	930	1684	3541	750	2849	5551	901	2849	7401	57	77	106	57	77	106	4085	17822	26733	4085	17822	26733
68	530	1007	1493	530	1185	1757	945	1708	3590	945	1708	3590	769	2910	5706	923	2910	7608	58	78	109	58	78	109	4189	18728	28092	4189	18728	28092
69	538	1020	1514	538	1201	1781	959	1731	3640	959	1731	3640	700	2641	5211	840	2641	6947	55	74	104	55	74	104	4293	19634	29451	4293	19634	29451
70	546	1034	1532	546	1216	1803	973	1755	3689	973	1755	3689	718	2696	5348	862	2696	7131	55	74	104	55	74	104	4397	20540	30810	4397	20540	30810
71	553	1047	1552	553	1232	1826	988	1778	3738	988	1778	3738	735	2752	5486	883	2752	7315	57	76	105	57	76	105	4501	21446	32169	4501	21446	32169
72	561	1060	1571	561	1248	1848	1002	1801	3788	1002	1801	3788	753	2804	5624	904	2804	7499	57	76	105	57	76	105	4605	22352	33528	4605	22352	33528
73	569	1073	1591	569	1263	1872	1016	1825	3837	1016	1825	3837	771	2860	5763	926	2860	7683	58	78	107	58	78	107	4709	23258	34887	4709	23258	34887
74	577	1086	1610	577	1279	1895	1030	1848	3887	1030	1848	3887	789	2913	5900	947	2913	7867	59	79	110	59	79	110	4813	24164	36246	4813	24164	36246
75	585	1101	1630	585	1294	1917	1045	1872	3936	1045	1872	3936	806	2969	6038	968	2969	8051	59	79	110	59	79	110	4917	25070	37605	4917	25070	37605
76	592	1114	1649	592	1310	1940	1059	1895	3985	1059	1895	3985	823	3025	6176	988	3025	8235	61	81	113	61	81	113	5021	25976	38964	5021	25976	38964
77	600	1127	1669	600	1326	1963	1073	1918	4035	1073	1918	4035	842	3078	6315	1011	3078	8419	61	81	113	61	81	113	5125	26882	40323	5125	26882	40323
78	608	1140	1688	608	1341	1986	1088	1942	4084	1088	1942	4084	860	3134	6452	1032	3134	8603	62	83	115	62	83	115	5229	27788	41682	5229	27788	41682
79	616	1153	1708	616	1357	2009	1102	1965	4134	1102	1965	4134	767	2788	5766	921	2788	7688	58	78	109	58	78	109	5333	28694	43041	5333	28694	43041
80	624	1167	1727	624	1372	2031	1116	1989	4183	1116	1989	4183	785	2837	5887	942	2837	7849	58	78	109	58	78	109	5437	29600	44400	5437	29600	44400
81	631	1180	1747	631	1388	2055	1131	2012	4232	1131	2012	4232	802	2885	6008	963	2885	8010	60	80	111	60	80	111	5541	30506	45759	5541	30506	45759
82	639	1193	1765	639	1404	2077	1145	2035	4282	1145	2035	4282	818	2933	6129	982	2933	8171	60	80	111	60	80	111	5645	31412	47118	5645	31412	47118
83	647	1206	1786	647	1419	2100	1159	2059	4331	1159	2059	4331	835	2980	6249	1003	2980	8332	61	81	112	61	81	112	5749	32318	48477	5749	32318	48477
84	655	1219	1805	655	1435	2124	1173	2082	4381	1173	2082	4381	853	3028	6370	1024	3028	8493	61	81	112	61	81	112	5853	33224	49836	5853	33224	49836
85	663	1233	1823	663	1450	2146	1188	2106	4430	1188	2106	4430	870	3075	6491	1044	3075	8654	62	82	115	62	82	115	5957	34130	51195	5957	34130	51195
86	670	1246	1844	670	1466	2169	1202	2129	4479	1202	2129	4479	887	3124	6612	1065	3124	8815	63	84	117	63	84	117	6061	35036	52554	6061	35036	52554
87	678	1259	1862	678	1482	2191	1216	2152	4529	1216	2152	4529	904	3171	6732	1085	3171	8976	63	84	117	63	84	117	6165	35942	53913	6165	35942	53913
88	686	1272	1882	686	1497	2215	1231	2176	4578	1231	2176	4578	921	3220	6853	1106	3220	9137	64	86	120	64	86	120	6269	36848	55272	6269	36848	55272
89	694	1285	1903	694	1513	2238	1245	2199	4628	1245	2199	4628	805	2799	5978	966	2799	7970	60	80	112	60	80	112	6373	37754	56631	6373	37754	56631
90	702	1300	1921	702	1528	2260	1259	2223	4677	1259	2223	4677	820	2841	6081	985	2841	8108	60	80	112	60	80	112	6477	38660	57990	6477	38660	57990
91	709	1313	1940	709	1544	2284	1274	2246	4726	1274	2246	4726	836	2883	6184	1004	2883	8246	61	81	114	61	81	114	6581	39566	59349	6581	39566	59349
92	717	1326	1960	717	1560	2306	1288	2269	4776	1288	2269	4776	852	2923	6288	1023	2923	8384	61	81	114	61	81	114	6685	40472	60708	6685	40472	60708
93	725	1339	1979	725	1575	2329	1302	2293	4825	1302	2293	4825	867	2965	6392	1041	2965	8522	62	83	115	62	83	115	6789	41378	62067	6789	41378	62067
94	733	1352	2000	733	1591	2353	1316	2316	4875	1316	2316	4875	883	3004	6495	1060	3004	8660	63	84	117	63	84	117	6893	42284	63426	6893	42284	63426
95	741	1366	2018	741	1606	2375	1331	2340	4924	1331	2340	4924	900	3046	6598	1080	3046	8798	63	84	117	63	84	117	6997	43190	64785	6997	43190	64785
96	748	1379	2038	748	1622	2398	1345	2363	4973	1345	2363	4973	915	3087	6702	1099	3087	8936	64	85	119	64	85	119	7101	44096	66144	7101	44096	66144
97	756	1392	2057	756	1638	2420	1359	2386	5023	1359	2386	5023	931	3128	6806	1118	3128	9074	64	85	119	64	85	119	7205	45002	67503	7205	45002	67503
98	764	1405	2077	764	1653	2444	1374	2410	5072	1374	2410	5072	947	3169	6909	1137	3169	9212	66	88	122	66	88	122	7309	45908	68862	7309	45908	68862
99	772	1418	2096	772	1669	2467	1388	2433	5122	1388	2433	5122	963	3210	7012	1156	3210	9350	66	88	122	66	88	122	7413	46814	70221	7413	46814	70221
100	780	1432	1600	780	1684	2489	1402	2457	4000	1402	2457	4000	981	3250	7000	1178	3250	7000	67	89	100	67	89	100	7517	47720	71580	7517	47720	71580
101	787	1445	1700	787	1700	2512	1417	2480	4200	1417	2480	4200	998	3292	7300	1198	3292	7300	68	90	105	68	90	105	7621	48626	72939	7621	48626	72939
102	795	1458	1800	795	1716	2535	1431	2503	4400	1431	2503	4400	1015	3332	7600	1219	3332	7600	68	90	110	68	90	110	7725	49532	74298	7725	49532	74298
103	803	1471	1900	803	1731	2558	1445	2527	4600	1445	2527	4600	1032	3374	7900	1239	3374	7900	69	92	115	69	92	115	7829	50438	75657	7829	50438	75657
104	811	1484	2000	811	1747	2581	1459	2550	4800	1459	2550	4800	1050	3414	8200	1261	3414	8200	69	92	120	69	92	120	7933	51344	77016	7933	51344	77016
105	819	1498	2100	819	1762	2603	1474	2574	5000	1474	2574	5000	1067	3456	8500	1281	3456	8500	70	93	125	70	93	125	8037	52250	78375	8037	52250	78375
106	826	1511	2200	826	1778	2627	1488	2597	5200	1488	2597	5200	1085	3498	8800	1302	3498	8800	71	94	130	71	94	130	8141	53156	79734	8141	53156	79734
107	834	1524	2300	834	1794	2649	1502	2620	5400	1502	2620	5400	1102	3537	9100	1323	3537	9100	71	94	135	71	94	135	8245	54062	81093	8245	54062	81093
108	842	1537	2400	842	1809	2672	1517	2644	5600	1517	2644	5600	1120	3579	9400	1344	3579	9400	72	96	140	72	96	140	8349	54968	82452	8349	54968	82452
109	850	1550	2500	850	1825	2696	1531	2667	5800	1531	2667	5800	1136	3619	9700	1364	3619	9700	73	97	145	73	97	145	8453	55874	83811	8453	55874	83811
110	2100	2100	2100	2100	2100	2100	6532	6532	6532	6532	6532	6532	8333	10000	10000	10000	10000	10000	130	130	130	130	130	130	160000	160000	160000	160000	160000	160000
